ID,PW,HERO,HP,POWER,INT,DEX,MONEY
cgu999,1234,법사,95,100,100,100,10000
wwe,11,법사,50,0,10,0,1000,법사,100,0,10,0,1000
조은주,1234전사,100,10,0,0,1000
devil,1234,전사,100,10,0,0,1000,전사,100,10,0,0,1000
www,123,전사,70,50,0,0,604,전사,80,50,0,0,603,전사,100,10,0,0,1000
kgjcho,1111,법사,100,0,10,0,1000
eee,222,법사,100,0,10,0,1000
in,1111,전사,50,60,0,0,463,전사,50,60,0,0,463,전사,90,10,0,0,970,전사,100,10,0,0,1000
sungman,1234,법사,90,0,20,0w,890,법사,100,0,10,0,1000
wwww,1234,전사,100,10,0,0,30,전사,28,40,0,0,10,전사,80,40,0,0,970,전사,100,10,0,0,1000
kkkk,1234,전사,100,10,0,0,1000
the,123,도적,90,0,0,10,1000,도적,100,0,0,10,1000eeee,1234,도적,100,0,0,10,1000